Total processed: 8
Tile of size 12*8
minY [11, 7, 11, 2, 11, 2, 11, 9]
maxY [0, 11, 0, 7, 0, 9, 0, 11]
minX [7, 7, 3, 7, 7, 7, 7, 1, 7, 5, 7, 1]
maxX [0, 0, 5, 0, 0, 0, 0, 3, 0, 7, 0, 7]
tile coordinates: 8
(7, 1), (11, 1)
+1
(7, 1), (11, 7)
corners [(7, 7), (11, 1)]
9 <= 7 <= 11
1 <= 7 <= 3
0
(7, 1), (9, 7)
corners [(7, 7), (9, 1)]
9 <= 7 <= 11
1 <= 7 <= 3
0
7 <= 9 <= 11
5 <= 1 <= 7
(7, 1), (9, 5)
corners [(7, 5), (9, 1)]
2 <= 7 <= 9
1 <= 5 <= 3
7 <= 9 <= 11
5 <= 1 <= 7
+15
(7, 1), (2, 5)
corners [(2, 1), (7, 5)]
7 <= 2 <= 11
3 <= 1 <= 5
2
2 <= 7 <= 9
1 <= 5 <= 3
(7, 1), (2, 3)
corners [(2, 1), (7, 3)]
7 <= 2 <= 11
3 <= 1 <= 5
2
(7, 1), (7, 3)
+1
(11, 1), (11, 7)
+1
(11, 1), (9, 7)
corners [(9, 1), (11, 7)]
7 <= 9 <= 11
5 <= 1 <= 7
+21
(11, 1), (9, 5)
corners [(9, 1), (11, 5)]
7 <= 9 <= 11
5 <= 1 <= 7
2 <= 11 <= 9
1 <= 5 <= 7
+15
(11, 1), (2, 5)
corners [(2, 1), (11, 5)]
7 <= 2 <= 11
3 <= 1 <= 5
2
2 <= 11 <= 9
1 <= 5 <= 7
(11, 1), (2, 3)
corners [(2, 1), (11, 3)]
7 <= 2 <= 11
3 <= 1 <= 5
2
2 <= 11 <= 7
1 <= 3 <= 7
(11, 1), (7, 3)
corners [(7, 1), (11, 3)]
2 <= 11 <= 7
1 <= 3 <= 7
+15
(11, 7), (9, 7)
+1
(11, 7), (9, 5)
corners [(9, 7), (11, 5)]
2 <= 11 <= 9
1 <= 5 <= 7
+9
(11, 7), (2, 5)
corners [(2, 7), (11, 5)]
9 <= 2 <= 11
3 <= 7 <= 5
0
2 <= 11 <= 9
1 <= 5 <= 7
(11, 7), (2, 3)
corners [(2, 7), (11, 3)]
9 <= 2 <= 11
3 <= 7 <= 5
0
2 <= 11 <= 7
1 <= 3 <= 7
(11, 7), (7, 3)
corners [(7, 7), (11, 3)]
9 <= 7 <= 11
1 <= 7 <= 3
0
2 <= 11 <= 7
1 <= 3 <= 7
(9, 7), (9, 5)
+1
(9, 7), (2, 5)
corners [(2, 7), (9, 5)]
9 <= 2 <= 11
3 <= 7 <= 5
0
(9, 7), (2, 3)
corners [(2, 7), (9, 3)]
9 <= 2 <= 11
3 <= 7 <= 5
0
2 <= 9 <= 7
5 <= 3 <= 7
1
(9, 7), (7, 3)
corners [(7, 7), (9, 3)]
9 <= 7 <= 11
1 <= 7 <= 3
0
2 <= 9 <= 7
5 <= 3 <= 7
1
(9, 5), (2, 5)
+1
(9, 5), (2, 3)
corners [(2, 5), (9, 3)]
2 <= 9 <= 7
5 <= 3 <= 7
1
+24
(9, 5), (7, 3)
corners [(7, 5), (9, 3)]
2 <= 7 <= 9
1 <= 5 <= 3
2 <= 9 <= 7
5 <= 3 <= 7
1
+9
(2, 5), (2, 3)
+1
(2, 5), (7, 3)
corners [(2, 3), (7, 5)]
2 <= 7 <= 9
1 <= 5 <= 3
+18
(2, 3), (7, 3)
+1
Some(((9, 5), (2, 3), 24)) : max distance is 24
Rectangles size 16
rectange [((9, 5), (2, 3), 24), ((11, 1), (9, 7), 21), ((2, 5), (7, 3), 18), ((7, 1), (9, 5), 15), ((11, 1), (9, 5), 15), ((11, 1), (7, 3), 15), ((11, 7), (9, 5), 9), ((9, 5), (7, 3), 9), ((9, 5), (2, 5), 7), ((11, 1), (11, 7), 6), ((2, 3), (7, 3), 5), ((7, 1), (11, 1), 4), ((7, 1), (7, 3), 2), ((11, 7), (9, 7), 2), ((9, 7), (9, 5), 2), ((2, 5), (2, 3), 2)]
Final answer is 24
